att48.tsp 48 11382 18889
berlin52.tsp 52 8401 20303
kroA100.tsp 100 26868 42855
kroA150.tsp 150 39093 69339
kroA200.tsp 200 44155 97798
kroB100.tsp 100 26082 43116
kroB150.tsp 150 37420 69525
kroB200.tsp 200 46331 97140
kroC100.tsp 100 28984 43098
kroD100.tsp 100 29310 43121
kroE100.tsp 100 26336 43069
lin105.tsp 105 21131 45428
pr107.tsp 107 52987 45209
pr124.tsp 124 88768 53168
pr136.tsp 136 143554 61937
pr144.tsp 144 103409 63891
pr152.tsp 152 144932 69573
pr76.tsp 76 125790 30764
rat195.tsp 195 3220 92950
rat99.tsp 99 1450 41812
st70.tsp 70 809 28555
